<?xml version="1.0"?>
<opencv_storage>
<calibration_Time>"Sun Jul  9 12:06:00 2017"</calibration_Time>
<nrOfFrames>25</nrOfFrames>
<image_Width>640</image_Width>
<image_Height>480</image_Height>
<board_Width>9</board_Width>
<board_Height>6</board_Height>
<square_Size>50.</square_Size>
<FixAspectRatio>1.</FixAspectRatio>
<!-- flags:  +fix_aspectRatio +fix_principal_point +zero_tangent_dist -->
<flagValue>14</flagValue>
<Camera_Matrix type_id="opencv-matrix">
  <rows>3</rows>
  <cols>3</cols>
  <dt>d</dt>
  <data>
    6.7910495191965936e+02 0. 3.1950000000000000e+02 0.
    6.7910495191965936e+02 2.3950000000000000e+02 0. 0. 1.</data></Camera_Matrix>
<Distortion_Coefficients type_id="opencv-matrix">
  <rows>5</rows>
  <cols>1</cols>
  <dt>d</dt>
  <data>
    -5.1454672692353776e-01 3.3845454412037190e+00 0. 0.
    -2.7305166419692640e+01</data></Distortion_Coefficients>
<Avg_Reprojection_Error>2.2926980739238598e-01</Avg_Reprojection_Error>
<Per_View_Reprojection_Errors type_id="opencv-matrix">
  <rows>25</rows>
  <cols>1</cols>
  <dt>f</dt>
  <data>
    1.59737319e-01 1.59157664e-01 1.58834115e-01 1.57836556e-01
    1.56431407e-01 1.56966776e-01 1.61585808e-01 1.57631353e-01
    1.64290592e-01 1.42360374e-01 1.68372646e-01 1.53909147e-01
    1.50258780e-01 1.57580316e-01 3.39469314e-01 3.66902381e-01
    1.60771087e-01 1.40550882e-01 2.90702939e-01 5.61888933e-01
    1.62446544e-01 1.45596594e-01 3.09666485e-01 2.39307612e-01
    2.64427811e-01</data></Per_View_Reprojection_Errors>
<!-- a set of 6-tuples (rotation vector + translation vector) for each view -->
<Extrinsic_Parameters type_id="opencv-matrix">
  <rows>25</rows>
  <cols>6</cols>
  <dt>d</dt>
  <data>
    -2.4611683429784789e-01 1.1986852843644626e-02
    -3.6045792861852312e-02 -1.8011928702465627e+02
    -1.3795578053919621e+02 1.7368963090387813e+03
    -2.4560331871269750e-01 1.1545816867481700e-02
    -3.5946713195076412e-02 -1.8010258417604950e+02
    -1.3810510364336642e+02 1.7363226079036244e+03
    -2.4511681899880705e-01 1.1524922133384246e-02
    -3.5886019469035191e-02 -1.8008929660346041e+02
    -1.3824059715540986e+02 1.7358181632872959e+03
    -2.4426710873243851e-01 1.1597188185660733e-02
    -3.5872848586490452e-02 -1.8005895103855570e+02
    -1.3836232451625580e+02 1.7353052620523968e+03
    -2.4320289671360298e-01 1.2081975837756640e-02
    -3.5748617639093316e-02 -1.8002874251163354e+02
    -1.3847826324574615e+02 1.7349351781947942e+03
    -2.4403217962368159e-01 1.1615226721404354e-02
    -3.5817257270165548e-02 -1.8006159146276073e+02
    -1.3840042065460437e+02 1.7350778805643392e+03
    -2.4349321928186637e-01 1.2236729279330368e-02
    -3.5756105252832890e-02 -1.8004472244330148e+02
    -1.3846921123749883e+02 1.7350101634200548e+03
    -2.4183799088269775e-01 1.2945467128733412e-02
    -3.5754093124732170e-02 -1.8002418157389795e+02
    -1.3866925364060208e+02 1.7341356163431533e+03
    -2.3864396311554403e-01 1.3618049960507011e-02
    -3.5686020481308839e-02 -1.7990394067931095e+02
    -1.3906539440387547e+02 1.7329169925202652e+03
    -2.3453860553198516e-01 1.4438145520832365e-02
    -3.5286330526724710e-02 -1.7969278735753974e+02
    -1.3982672660834803e+02 1.7302440702851870e+03
    -2.2600393595991966e-01 1.4908603742319202e-02
    -3.5147887358550331e-02 -1.7979230635559441e+02
    -1.4129639197426499e+02 1.7244523868761326e+03
    -2.1970391788167909e-01 1.5181992715298128e-02
    -3.4375715854093727e-02 -1.7931854113228505e+02
    -1.4233194846839359e+02 1.7203962555605997e+03
    -1.9976713197252072e-01 1.4217227531152808e-02
    -3.3102003240268116e-02 -1.7853510948555225e+02
    -1.4658672872026557e+02 1.7010448839019923e+03
    -1.4863874976663755e-01 1.7375104888896382e-02
    -3.4019916939580258e-02 -1.7959454910399484e+02
    -1.5274510387472029e+02 1.6632692437650110e+03
    -1.5507218043320947e-01 4.3688170137647815e-02
    -8.0344291271038065e-02 -2.1745638929402489e+02
    -1.4449026743939871e+02 1.6667818480694605e+03
    -2.0427087946350056e-01 2.1072699652816655e-02
    -2.6426708574268248e-01 -3.5244569366015088e+02
    -9.5494852052154428e+01 1.6857076318772799e+03
    -2.2375859491624239e-01 6.5544998856611282e-05
    -3.7845696754465985e-01 -4.2703420013369737e+02
    -5.2982775797889964e+01 1.7085043054472785e+03
    -2.2467994055012938e-01 -1.7570875791904396e-02
    -4.0126823292524993e-01 -4.3957014302044382e+02
    -4.3466784349208275e+01 1.7216692993978422e+03
    -2.0660817326247968e-01 -4.9631142565632259e-02
    -3.0246696079665197e-01 -3.7151806638653215e+02
    -8.1232787996854682e+01 1.7123179222838232e+03
    -2.0110691642633466e-01 -4.6377605721305892e-02
    -9.1787492881949276e-02 -2.1370014433353464e+02
    -1.3637182469426151e+02 1.6929595056316718e+03
    -2.1973240710097203e-01 1.6641885607533147e-02
    3.7365150651397942e-02 -1.2200896143214031e+02
    -1.8238642805565357e+02 1.7074094572195920e+03
    -2.0682306165524839e-01 -2.7437165411353798e-02
    6.9746970215011070e-02 -1.0398752157779712e+02
    -1.9787390618518836e+02 1.6912887243369789e+03
    -2.0166911375372512e-01 -2.6857000427016824e-02
    -2.9209431982661734e-02 -1.8247246494043972e+02
    -1.5587176497165902e+02 1.6742811170564526e+03
    -2.3425371462956743e-01 3.6547048378866666e-02
    -1.4169645250228363e-01 -2.5922164866152588e+02
    -1.3247769232186852e+02 1.6834491210016804e+03
    -2.5304015080405617e-01 1.0988438508264946e-01
    -2.6599995037580415e-01 -3.4021295651660103e+02
    -9.7748602779869813e+01 1.6952245489573379e+03</data></Extrinsic_Parameters>
