<?xml version="1.0"?>
<opencv_storage>
<calibration_Time>"2017年07月20日 星期四 19时31分18秒"</calibration_Time>
<nrOfFrames>25</nrOfFrames>
<image_Width>640</image_Width>
<image_Height>480</image_Height>
<board_Width>9</board_Width>
<board_Height>6</board_Height>
<square_Size>50.</square_Size>
<FixAspectRatio>1.</FixAspectRatio>
<!-- flags:  +fix_aspectRatio +fix_principal_point +zero_tangent_dist -->
<flagValue>14</flagValue>
<Camera_Matrix type_id="opencv-matrix">
  <rows>3</rows>
  <cols>3</cols>
  <dt>d</dt>
  <data>
    3.9633677105523179e+02 0. 320. 0. 3.9633677105523179e+02 240. 0. 0.
    1.</data></Camera_Matrix>
<Distortion_Coefficients type_id="opencv-matrix">
  <rows>5</rows>
  <cols>1</cols>
  <dt>d</dt>
  <data>
    -2.0415188742452718e-02 4.0952278248673597e-02 0. 0.
    -4.1165906043238672e-02</data></Distortion_Coefficients>
<Avg_Reprojection_Error>1.3698598134064219e+00</Avg_Reprojection_Error>
<Per_View_Reprojection_Errors type_id="opencv-matrix">
  <rows>25</rows>
  <cols>1</cols>
  <dt>f</dt>
  <data>
    4.13641572e-01 3.41274321e-01 8.87780964e-01 8.37473273e-01
    1.89365968e-01 2.98090249e-01 2.52028346e-01 5.23793602e+00
    2.99296713e+00 1.98306218e-01 5.15201330e-01 8.69211078e-01
    5.23488879e-01 2.51880676e-01 5.64290822e-01 3.16824108e-01
    1.01003218e+00 1.43053877e+00 1.17098391e+00 8.08253169e-01
    9.16406512e-01 7.33264029e-01 2.63429850e-01 3.62385929e-01
    2.60579765e-01</data></Per_View_Reprojection_Errors>
<!-- a set of 6-tuples (rotation vector + translation vector) for each view -->
<Extrinsic_Parameters type_id="opencv-matrix">
  <rows>25</rows>
  <cols>6</cols>
  <dt>d</dt>
  <data>
    2.5386507288245408e-01 -2.2232666606718068e-01
    -1.0199830822612263e-01 9.2821582800427507e+01
    -5.2760908097169784e+02 9.2076099418490924e+02
    1.7700226381225656e-01 -1.2377348331139564e-01
    8.3414948381778806e-02 -6.0696655705121407e+02
    -4.9687315564674810e+02 9.5068290268038379e+02
    2.5362162015061447e-03 -3.8634389030267069e-01
    1.3023413862201463e+00 -3.3053705761832663e+02
    -3.4045317291427062e+02 1.0472569013098603e+03
    -3.2076483999974387e-01 -9.4390909372919418e-01
    2.3306123403096044e+00 -2.1775604180996501e+02
    -2.6601188426692443e+02 1.3122908144024941e+03
    -1.1316967836897392e-01 -5.9114701849041620e-02
    3.0990970326014544e+00 -1.5354788728514015e+02
    6.7674777999340438e+02 1.3425897170439939e+03
    -4.8531553574388236e-01 1.5279795401278908e-02
    3.0998079678011661e+00 -1.2241042293660456e+02
    6.3407984769549728e+02 1.2723515464158288e+03 2.2633856036170261e-01
    7.6029678393156649e-02 -3.0828740847059994e+00
    -4.4158891835874658e+02 5.5191823809983623e+02
    1.2976632609169910e+03 -5.0750274122185823e-01
    -2.9437073869094604e-01 2.9765789024838649e+00
    5.5581699634743063e+02 5.4901998030134712e+02 1.6349374867183544e+03
    1.3012874297810753e-01 -2.9495545492663811e-01
    3.0238456490486207e+00 8.8877474143605093e+02 5.5335587422594199e+02
    1.5205295486995865e+03 2.2644077439363853e-02
    -7.4832716466780927e-02 3.0551036465836701e+00
    1.0215738890226603e+03 6.3266929349532791e+02 1.2885256984123623e+03
    -3.3187707055277804e-01 -1.7885334030192898e-01
    3.0645714735815708e+00 3.8520079268334683e+02 2.7860798263564271e+02
    7.6763117440277983e+02 -3.6049197310279280e-01
    -2.3008522432506828e-01 3.0783673880576425e+00
    3.6822602254735563e+02 2.2657022319318921e+02 6.2237239538118331e+02
    1.0440727739817640e-01 -1.3635777716442507e-01
    3.0698255520335942e+00 3.0436045813873307e+02 6.0851410610410710e+01
    5.6235413362583301e+02 2.9651588266695868e-03
    -1.4253811930746801e-01 3.1172980119322147e+00
    1.2631966537392643e+01 6.0145167222715699e+01 5.4069499858947393e+02
    -4.3259175172630414e-02 -2.6484935819913413e-01
    3.0986937904085128e+00 5.2682287454532734e+01 1.7577882585017727e+02
    5.0403492068160097e+02 1.8917564324115343e-02 1.5524659777641606e-01
    -3.0233585120589277e+00 -4.9857216832375940e+01
    1.3291905024742186e+02 5.7209870777140179e+02 8.8564006761121405e-01
    -2.1485209168123873e-01 2.9685601549897007e+00
    2.7959963252374465e+01 1.1720469589871017e+01 5.7643289382868761e+02
    -1.0388036337682347e+00 -3.5187692798559639e-01
    2.8791395692044377e+00 1.9018480943494833e+01 4.6300227301398657e+01
    7.3285795236244167e+02 -1.1159750482251725e+00
    -3.4204413277203172e-01 2.7636498873452653e+00
    -1.7105414158508072e+01 5.8226931004984266e+01
    7.5110963038720683e+02 -4.9960708474020138e-01
    -1.1452763170490209e-01 2.8049510013665895e+00
    3.2231556240243168e+02 -9.7628749295297993e+01
    7.7665801672811654e+02 -4.2729443570102232e-01
    -1.7149415641905522e-01 3.0378876942932873e+00
    3.2406839871897887e+02 -2.0077666626056136e+01
    6.6457569536197093e+02 -1.0489144802254444e-01
    -1.1903002911871263e-01 2.9989815420349544e+00
    3.1680118971804234e+02 2.3701024490496774e+01 5.2269593635330580e+02
    8.7204142742614531e-03 -1.4311837751289727e-01
    2.9929311444290683e+00 2.4654020609147963e+02
    -9.1862614954952413e+00 6.9138988515195842e+02
    9.7422219400069426e-02 -7.2561900163938597e-02
    2.9954901584583569e+00 2.4572330372319001e+02 2.9954655960889801e+02
    5.9344362261645495e+02 6.0626486389796057e-02
    -7.8638686156142765e-02 2.9844421268372394e+00
    2.1874621502772550e+02 1.2807940680603215e+02 6.0558297804212896e+02</data></Extrinsic_Parameters>
