<?xml version="1.0"?>
<opencv_storage>
<calibration_Time>"2017年07月20日 星期四 19时38分51秒"</calibration_Time>
<nrOfFrames>25</nrOfFrames>
<image_Width>640</image_Width>
<image_Height>480</image_Height>
<board_Width>9</board_Width>
<board_Height>6</board_Height>
<square_Size>50.</square_Size>
<FixAspectRatio>1.</FixAspectRatio>
<!-- flags:  +fix_aspectRatio +fix_principal_point +zero_tangent_dist -->
<flagValue>14</flagValue>
<Camera_Matrix type_id="opencv-matrix">
  <rows>3</rows>
  <cols>3</cols>
  <dt>d</dt>
  <data>
    4.2641644724289591e+02 0. 320. 0. 4.2641644724289591e+02 240. 0. 0.
    1.</data></Camera_Matrix>
<Distortion_Coefficients type_id="opencv-matrix">
  <rows>5</rows>
  <cols>1</cols>
  <dt>d</dt>
  <data>
    -2.9602452810115389e-02 1.1577105420929713e-01 0. 0.
    -9.3744317399812593e-02</data></Distortion_Coefficients>
<Avg_Reprojection_Error>1.0533085559286384e+00</Avg_Reprojection_Error>
<Per_View_Reprojection_Errors type_id="opencv-matrix">
  <rows>25</rows>
  <cols>1</cols>
  <dt>f</dt>
  <data>
    7.43170977e-01 2.45295495e-01 4.39278156e-01 3.54104728e-01
    4.69542265e-01 4.65970725e-01 4.68029231e-01 4.11448598e-01
    5.85372388e-01 3.98883909e-01 3.32236362e+00 5.39456189e-01
    7.77420938e-01 2.63742834e-01 4.03834373e-01 4.28381503e-01
    2.55004078e-01 3.41818094e-01 2.61081576e-01 3.09876829e-01
    3.47976542e+00 5.22438109e-01 3.81269395e-01 4.36163872e-01
    2.54789323e-01</data></Per_View_Reprojection_Errors>
<!-- a set of 6-tuples (rotation vector + translation vector) for each view -->
<Extrinsic_Parameters type_id="opencv-matrix">
  <rows>25</rows>
  <cols>6</cols>
  <dt>d</dt>
  <data>
    3.4491864259509264e-01 1.4810061515467499e-01 1.5314831060563965e+00
    1.3440155647288375e+02 -1.5783158347434494e+02
    5.3241982183014636e+02 -1.3238535536993032e-01
    -2.5803406854751870e-01 1.6914583375826373e+00
    3.7024892595840822e+02 -1.4800950236321404e+02
    7.6161657425458736e+02 1.9598695606820534e-02 1.4985079898270137e-01
    -3.1115578115568088e+00 1.7410680400848298e+02
    6.5490907731784162e+01 6.6833771659901402e+02
    -7.1652287408514204e-02 4.8483216285834525e-02
    -3.0609536166281912e+00 -3.1700573687165992e+01
    2.2352580306831154e+01 6.0238416274206804e+02
    -1.2966948387357244e-01 1.1936023804797487e-01
    -3.1051590096887853e+00 3.6018272471808228e+02
    1.0464926443192345e+01 6.0291287715920100e+02 1.7628087583338209e-01
    -1.9648089105773153e-01 3.1112829407698439e+00
    3.9970618103635593e+02 3.1414942636941572e+02 5.8619132296148200e+02
    -3.0707898879060075e-01 8.5532772924935663e-02
    -3.1007736323965802e+00 -2.9059050207080752e+01
    2.9438751502439146e+02 6.0578035877880541e+02
    -2.4838055583528915e-01 2.0782560572960360e-01
    -3.0827641668813430e+00 -5.3369122217238470e+01
    2.2632631788095449e+02 6.6875309043314076e+02 1.1795542219682008e-01
    -1.6994507690307639e-01 3.1259897139712134e+00
    -6.7213082693203631e+01 2.6095152190569519e+02
    6.9189739377989406e+02 -2.6790011643395067e-01
    1.9098183773938026e-02 -3.1086781510147219e+00
    2.0785609238290195e+02 -3.4360140179865367e-01
    7.4527128023855823e+02 -1.5308903450314850e+00
    9.5476151743876164e-02 -2.6721320247897973e+00
    1.9460135269051139e+02 -9.3113366261684405e+00
    8.0437842527752571e+02 -1.1160954777837329e+00
    1.1104223705233807e-01 -2.9231443904176611e+00
    3.7457865306646880e+02 -5.2145464414252146e+01
    7.2285375948170156e+02 9.6015048268939995e-01
    -1.4075272202418290e-01 2.9986116102070484e+00
    4.5714255000862147e+02 -5.6175285070026753e+01
    7.3798002343781866e+02 -4.2844280071403021e-02
    -1.3778360962076028e-01 3.1062531446660269e+00
    3.6062669427245982e+02 3.7802708523481994e+02 7.8019449321215814e+02
    -4.3716938144061362e-01 -6.4453977499900256e-02
    3.0140611251541980e+00 4.0592267560502876e+02 2.8102531225249925e+02
    7.0601523101287614e+02 2.6117629275740512e-01
    -6.0893988988955525e-02 3.0871877789133610e+00
    -1.1608338829191271e+02 1.8882700994885269e+02
    9.0660232778262923e+02 -1.8553908867156005e-01
    2.0301720109105995e-03 -3.0633666316201023e+00
    -2.8657854218523153e+02 2.6795759979051351e+01
    8.8759943791548733e+02 -5.5494471731227146e-01
    3.6107947484179906e-02 -3.0250486433743187e+00
    -2.0998708087496632e+02 -1.3825580066168240e+02
    8.9528371765034717e+02 6.6225073911518800e-02 2.3162260662466207e-02
    -3.1292235802782802e+00 -1.0729193182596821e+02
    -1.2884104918251424e+02 8.0667441857804226e+02
    1.2453995428865527e-02 7.1748885550030173e-01 3.0437440069326747e+00
    9.6451252394821736e+01 -3.5656725296741193e+01
    8.5506374203328312e+02 1.0295501001624039e+00 1.6180354232635946e-01
    2.8371606952695934e+00 -4.4772636350220964e+01
    1.8795678221277774e+00 8.6957766364986003e+02 1.8725277473695404e-01
    -6.2532747199386632e-02 2.9894787292179279e+00
    6.0832758496868098e+02 2.2366984405189538e+02 1.0016857044363638e+03
    2.6018316034455946e-01 8.7931191688997115e-02 2.9705597588157135e+00
    5.3930094474484315e+02 4.0566883384365593e+02 8.0381922417504109e+02
    2.7616975561009388e-01 1.2294771516178570e-02 2.9943128587043000e+00
    4.9703512066396019e+02 3.3698653494631844e+02 8.6021271981734981e+02
    -2.4787889097295904e-01 -1.0929422647726644e-02
    2.9824255220853031e+00 5.9495302645945537e+02 1.7771393215836028e+02
    9.8015950566976221e+02</data></Extrinsic_Parameters>
