<?xml version="1.0"?>
<opencv_storage>
<calibration_Time>"2017年07月20日 星期四 19时43分17秒"</calibration_Time>
<nrOfFrames>25</nrOfFrames>
<image_Width>640</image_Width>
<image_Height>480</image_Height>
<board_Width>9</board_Width>
<board_Height>6</board_Height>
<square_Size>50.</square_Size>
<FixAspectRatio>1.</FixAspectRatio>
<!-- flags:  +fix_aspectRatio +fix_principal_point +zero_tangent_dist -->
<flagValue>14</flagValue>
<Camera_Matrix type_id="opencv-matrix">
  <rows>3</rows>
  <cols>3</cols>
  <dt>d</dt>
  <data>
    4.1242891806850764e+02 0. 320. 0. 4.1242891806850764e+02 240. 0. 0.
    1.</data></Camera_Matrix>
<Distortion_Coefficients type_id="opencv-matrix">
  <rows>5</rows>
  <cols>1</cols>
  <dt>d</dt>
  <data>
    -2.4350779825037163e-03 4.9539958565318870e-02 0. 0.
    -5.2354863495930201e-02</data></Distortion_Coefficients>
<Avg_Reprojection_Error>8.3869306038162950e-01</Avg_Reprojection_Error>
<Per_View_Reprojection_Errors type_id="opencv-matrix">
  <rows>25</rows>
  <cols>1</cols>
  <dt>f</dt>
  <data>
    4.48902041e-01 9.56423223e-01 4.56388474e-01 9.36236918e-01
    3.14863920e-01 2.30389714e+00 2.97665626e-01 5.38565814e-01
    3.36646765e-01 3.94394368e-01 2.19563410e-01 6.44044220e-01
    4.27405864e-01 8.78200948e-01 1.76674855e+00 8.61872196e-01
    6.61074162e-01 3.82295519e-01 1.15105402e+00 7.67807901e-01
    1.02153957e+00 2.10789338e-01 2.61280924e-01 2.09976614e-01
    5.91904521e-01</data></Per_View_Reprojection_Errors>
<!-- a set of 6-tuples (rotation vector + translation vector) for each view -->
<Extrinsic_Parameters type_id="opencv-matrix">
  <rows>25</rows>
  <cols>6</cols>
  <dt>d</dt>
  <data>
    5.6644361773155516e-02 1.7798723739738124e-02
    -3.0404241811749384e+00 1.6182140610533889e+02
    2.1130739892670741e+02 6.5139889896498357e+02
    -6.8707840663328065e-02 1.0454647121149105e-01
    3.0496195744783425e+00 1.7482163849921815e+02
    -4.2947889102321426e+01 5.3411611058989899e+02
    -1.0733659470535871e-01 7.4807961733111036e-02
    3.0936201600146300e+00 1.0373285292935940e+01
    -1.3081878629612028e+01 6.2370149339051625e+02
    -3.9000410456466589e-01 -2.2016303526499727e-02
    2.9698004706880132e+00 4.0036634002606615e+02
    -8.5745656157486234e+00 6.0150129662407073e+02
    -2.7955575426021874e-02 -1.2259569916790738e-02
    3.1246424860245399e+00 3.5071421443733988e+02 7.7631738511116728e+00
    5.6106152055713653e+02 -2.3612891597076201e-02
    -1.1150229433015540e-01 3.0753677117913369e+00
    3.2877455181616403e+02 2.3895309027976303e+01 4.9991894196524476e+02
    5.4458309553261329e-02 -2.1105601967150757e-02
    3.0458072750415610e+00 3.9780631756507165e+02 2.7249917100138504e+02
    6.1549611167995533e+02 -3.4969360639994868e-01
    -5.8143523853693493e-02 2.9970811936666579e+00
    3.9653750196362046e+02 2.0010362701365014e+02 6.2528529017903259e+02
    1.1101085554869874e-01 -1.2957570785575936e-02
    3.0496437452587939e+00 -7.9016567276342656e+01
    2.3185778123126741e+02 6.5952452938439637e+02 5.8076321072678613e-02
    -1.6351806970715581e-02 3.0120159579094943e+00
    -3.5686349371394414e+01 2.5922223279076837e+02
    6.0915715387549437e+02 -3.0144583258746773e-02
    -3.8130927198458849e-03 3.0532217695582995e+00
    1.7618499511157626e+01 2.4494542987698833e+02 5.8646425699833947e+02
    -2.3763033726877900e-01 6.2000571900951144e-02
    3.0736270038500066e+00 3.1464395272812542e+01 2.3719280429082986e+02
    5.7961990841533031e+02 8.7694487212638728e-02 6.3007308637468978e-02
    3.0375482503951328e+00 4.5031391576806342e+01 2.2786498926982401e+02
    5.9409417364849867e+02 -8.8022404100614304e-01
    2.3678404007038391e-02 -3.0047908851102427e+00
    1.6176225217480058e+02 1.4454990505017381e+02 7.2173206503657309e+02
    -7.6847441594221277e-01 -1.3762623835970572e-01
    3.0195003505297446e+00 6.7996950102164590e+01 2.0424446841346807e+02
    7.1158122760944514e+02 -2.6742381728824111e-01
    -5.8522495696551946e-01 -3.0207719690492203e+00
    2.0003469891634825e+02 4.1023936085079661e+01 7.4838295036682712e+02
    1.0621181104229005e-01 -8.0592324769386281e-01
    2.9818055070042413e+00 1.8774374124277486e+02 1.0186698866574407e+02
    9.3231248634537553e+02 -4.2213202727487487e-01
    -8.0828900384044319e-02 2.9329821171403738e+00
    5.0131560622493407e+02 9.2803047631060394e+01 9.0809991150955352e+02
    3.3190957904103519e-01 1.1425652941484106e-01 2.8893957772123198e+00
    6.0624356372719365e+02 7.6025251683058059e+01 8.6370467684343203e+02
    2.8002624086684652e-01 4.5682710749122800e-02 3.0677422520398920e+00
    6.0510845246620852e+02 1.1880235016141945e+02 8.5687259456429376e+02
    2.6148520705384026e-01 -6.9222536647024668e-01
    -3.0092010544265424e+00 6.4703133008943169e+01
    -2.7139515287403128e+02 9.2491102029294541e+02
    1.9933915956751122e-01 -2.9391210750976754e-01
    3.1008761838600156e+00 -1.1743486575152254e+02
    -2.8051463261207186e+02 1.0537065278695402e+03
    -6.3628976553964073e-02 8.0277141146723713e-02
    -3.1114892836567623e+00 -2.4182554865241048e+02
    -1.8344952489078347e+02 8.7276842546830619e+02
    -4.4264111137424955e-02 -1.3285225073253254e-01
    3.1220498521731450e+00 -2.3067043786256991e+02
    -1.7366924982311130e+02 8.8518171463587305e+02
    1.0848369158950545e-01 -6.7902193800515620e-01
    3.0495651480936075e+00 -1.4249991675680633e+02
    -2.1152686572720540e+02 9.4049981596909697e+02</data></Extrinsic_Parameters>
