<?xml version="1.0"?>
<opencv_storage>
<calibration_Time>"2017年07月20日 星期四 19时46分37秒"</calibration_Time>
<nrOfFrames>25</nrOfFrames>
<image_Width>640</image_Width>
<image_Height>480</image_Height>
<board_Width>9</board_Width>
<board_Height>6</board_Height>
<square_Size>50.</square_Size>
<FixAspectRatio>1.</FixAspectRatio>
<!-- flags:  +fix_aspectRatio +fix_principal_point +zero_tangent_dist -->
<flagValue>14</flagValue>
<Camera_Matrix type_id="opencv-matrix">
  <rows>3</rows>
  <cols>3</cols>
  <dt>d</dt>
  <data>
    4.2750792872577523e+02 0. 320. 0. 4.2750792872577523e+02 240. 0. 0.
    1.</data></Camera_Matrix>
<Distortion_Coefficients type_id="opencv-matrix">
  <rows>5</rows>
  <cols>1</cols>
  <dt>d</dt>
  <data>
    -3.0871060202192477e-02 1.3513453776293136e-01 0. 0.
    -1.2455967174314317e-01</data></Distortion_Coefficients>
<Avg_Reprojection_Error>5.0179755358161759e-01</Avg_Reprojection_Error>
<Per_View_Reprojection_Errors type_id="opencv-matrix">
  <rows>25</rows>
  <cols>1</cols>
  <dt>f</dt>
  <data>
    7.69071162e-01 3.80224049e-01 2.22661451e-01 2.33612418e-01
    2.46315733e-01 4.49518830e-01 6.13337159e-01 8.01616490e-01
    4.22760278e-01 2.18449011e-01 2.85500973e-01 3.98565710e-01
    5.10056257e-01 3.58913034e-01 7.86305904e-01 6.69956684e-01
    8.18823993e-01 2.31218353e-01 6.21476054e-01 2.89111376e-01
    5.44585526e-01 2.75720924e-01 6.18609488e-01 4.25370455e-01
    3.47049862e-01</data></Per_View_Reprojection_Errors>
<!-- a set of 6-tuples (rotation vector + translation vector) for each view -->
<Extrinsic_Parameters type_id="opencv-matrix">
  <rows>25</rows>
  <cols>6</cols>
  <dt>d</dt>
  <data>
    -5.8938793967123926e-01 1.3650629168965189e-01
    -2.9404972610757771e+00 2.7249901246131270e+02
    2.3734268471522307e+02 7.3767812465943598e+02
    -1.2262167099092397e-01 -1.9696649423266963e-02
    -3.0767356420119341e+00 3.2578940667542082e+02
    1.5087090549635812e+02 1.0195757653825729e+03
    -6.4093499398392553e-02 -4.2161544133720315e-02
    3.1392354533900142e+00 4.8582134625931604e+02 1.7094865946742769e+02
    7.6034031027762933e+02 -3.8800912126556923e-04
    -3.4309162844536063e-02 3.1213100557210542e+00
    4.9923612026636698e+02 -2.2609976025052429e+01
    7.0000266279855475e+02 -5.1363704493734272e-02
    -1.3586729834786937e-03 3.1097253447042656e+00
    4.5389812368090452e+02 -3.7988954323090653e+01
    6.8070004631458971e+02 8.2717027960003034e-02 3.5839415251911095e-04
    3.1228152156665785e+00 4.3167504466368104e+02 2.9034339857127082e+02
    6.2650950407265611e+02 1.6723152182362999e-01
    -9.9402297386468243e-03 3.1377660679635806e+00
    4.3543675930453861e+02 2.9327631733366792e+02 6.1835934874291047e+02
    -3.8192042005642046e-01 -4.5188790630944997e-02
    -3.1109737991815640e+00 3.3466973459925009e+02
    2.9937958023106074e+02 6.3223490645523987e+02
    -3.3067438933094112e-01 1.0096787937939168e-02
    -3.0951503192392273e+00 2.3589612500793152e+01
    3.0482508747257828e+02 7.1493679741110668e+02 2.8555791469567052e-02
    -6.3043108030938058e-02 3.0261124173316478e+00
    1.1244273061483972e+02 3.1723719211136637e+02 8.8176092770207208e+02
    2.9395085468262805e-01 -5.0406736432234943e-02
    3.1086553104838974e+00 -1.3718361474283489e+02
    3.2762319331948487e+02 8.7871630612453623e+02
    -2.4189811069423489e-01 1.5619139017841110e-01
    -3.1161337700848950e+00 -7.7387884480979338e+01
    -4.3851699115062665e+01 8.1104736286832986e+02
    -2.0911347385540086e-01 1.1925034595761752e-01
    -3.1248058190096568e+00 1.0463301623530173e+01
    4.2137824095431711e+00 7.4624514701104647e+02 1.3520585703574084e+00
    4.7441374833486726e-02 2.7978880027937620e+00 2.9190766186780405e+02
    1.9534428394835120e+02 6.9680897054656600e+02
    -5.4701786259546759e-01 -1.4167381684610539e-01
    3.0063991980224358e+00 -4.0211227648573962e+00
    1.8102122692641240e+02 8.3807734402288690e+02
    -4.4177846418681377e-01 1.4099529938929165e-01
    2.9922017798886320e+00 1.4683430175439830e+02
    -7.4030880441615707e+01 7.3799313168061281e+02
    -3.2112423540468969e-02 5.9760736557748484e-01
    2.7188801973790278e+00 3.9994622205016839e+02
    -1.2198659625055787e+02 6.6403109238840057e+02
    -2.4316313929951955e-01 -1.0523530968390116e-01
    2.8963562138813037e+00 3.6246597445717350e+02 2.8452676389734563e+02
    9.1421916241290091e+02 -5.8035267397942880e-01
    -1.6594493163781773e-01 2.8113108430406917e+00
    7.4831429777093703e+01 2.8427359006649124e+02 8.9343875892616472e+02
    6.0262352856618864e-02 1.4839290415517586e-01
    -3.1162947941699297e+00 8.8738979858970595e+01
    3.4103741018966372e+02 9.7161331414071253e+02 1.4877824460603839e-01
    1.5025894244242288e-01 -1.9541638187811765e+00
    -1.7807895152789148e+00 8.6263833001748438e+01
    1.0291191339633256e+03 -1.9366712560813623e-01
    3.6525844377839128e-01 -1.5929337825024534e+00
    -5.7428040922964192e+02 6.3661461773038113e+01
    1.0782900052007235e+03 2.7836201187555926e-01
    -3.2573110285887871e-02 -1.6546930687539370e+00
    -5.2311653901290879e+02 1.1610967177029551e+02
    8.4629105112643595e+02 3.6366668443013478e-01
    -2.2875159416783078e-01 -1.8074671909364499e+00
    2.3218459315797554e+02 1.6974633336574536e+02 8.1465068956530649e+02
    -1.9720292513232908e-02 9.2192736994537963e-02
    -1.7664291362655522e+00 1.6821153826156470e+02
    8.7929148350718080e+01 9.3074173191721002e+02</data></Extrinsic_Parameters>
