<?xml version="1.0"?>
<opencv_storage>
<calibration_Time>"2017年07月20日 星期四 19时51分18秒"</calibration_Time>
<nrOfFrames>25</nrOfFrames>
<image_Width>640</image_Width>
<image_Height>480</image_Height>
<board_Width>9</board_Width>
<board_Height>6</board_Height>
<square_Size>50.</square_Size>
<FixAspectRatio>1.</FixAspectRatio>
<!-- flags:  +fix_aspectRatio +fix_principal_point +zero_tangent_dist -->
<flagValue>14</flagValue>
<Camera_Matrix type_id="opencv-matrix">
  <rows>3</rows>
  <cols>3</cols>
  <dt>d</dt>
  <data>
    4.8725257377325494e+02 0. 320. 0. 4.8725257377325494e+02 240. 0. 0.
    1.</data></Camera_Matrix>
<Distortion_Coefficients type_id="opencv-matrix">
  <rows>5</rows>
  <cols>1</cols>
  <dt>d</dt>
  <data>
    -9.1110343770844954e-02 3.2139534195044017e-01 0. 0.
    -3.2149023302910845e-01</data></Distortion_Coefficients>
<Avg_Reprojection_Error>5.5426999805131028e-01</Avg_Reprojection_Error>
<Per_View_Reprojection_Errors type_id="opencv-matrix">
  <rows>25</rows>
  <cols>1</cols>
  <dt>f</dt>
  <data>
    3.73616904e-01 5.94770491e-01 4.95487988e-01 4.98223752e-01
    5.89011073e-01 5.22196472e-01 3.64118814e-01 4.05210972e-01
    2.57286578e-01 3.49460781e-01 5.03313363e-01 5.37323534e-01
    2.75229245e-01 3.11763227e-01 4.05668408e-01 4.32213813e-01
    8.45229745e-01 2.82068133e-01 6.08980238e-01 5.42932630e-01
    3.35645318e-01 9.02918756e-01 4.23287898e-01 1.09677982e+00
    8.67520511e-01</data></Per_View_Reprojection_Errors>
<!-- a set of 6-tuples (rotation vector + translation vector) for each view -->
<Extrinsic_Parameters type_id="opencv-matrix">
  <rows>25</rows>
  <cols>6</cols>
  <dt>d</dt>
  <data>
    -5.1625732668155518e-02 3.0280632311903277e-01
    -1.4620039192471177e+00 -2.7249818957789032e+01
    1.7592740137424195e+02 9.8142524534561096e+02 9.9083335138556161e-02
    7.5490081555452893e-02 -1.5705713277367004e+00
    -1.6934432946727745e+02 1.9780749295968275e+02
    1.0921206912417251e+03 -1.6969111277493312e-01
    1.7885879015884609e-01 -1.4498974890668239e+00
    -5.3059733560014035e+02 1.9841750133995407e+02
    8.6164185171960878e+02 1.5035935647379425e-02 5.7343717620092514e-02
    -1.5277928001081278e+00 -4.8579494721433576e+02
    2.2395618554562381e+02 7.9324486319244238e+02
    -8.2146826751746116e-03 5.0737544057938733e-02
    -1.5311147785737360e+00 -1.7822452717105630e+01
    2.3583141344394443e+02 7.3896157375598068e+02 1.3570397744501131e-01
    -9.7796012972488008e-02 -1.5931039317802231e+00
    1.4325604924892119e+02 2.5446171574814539e+02 6.6694264826777237e+02
    6.0799578038376836e-02 -3.1754206778805423e-02
    -1.5793007913676178e+00 1.5358273693132398e+02
    1.1498972787203317e+02 7.1870897205858103e+02
    -1.0030210858830922e-01 -6.3049570618335299e-02
    -1.5541080289113103e+00 -5.3362929270895314e+01
    4.5782213510545830e+01 8.4937463766910093e+02
    -6.8415150197514693e-02 1.1014676706281444e-02
    -1.5980993037069688e+00 -3.4855785964347106e+01
    4.3921967758555979e+02 1.0082663925808349e+03 7.7311909425051797e-02
    -2.8562413404199630e-02 -1.6511085398238765e+00
    1.2231973688795964e+02 4.2051188252466960e+02 1.0364656110472617e+03
    2.0862911460878247e-01 -1.6299293763432141e-01
    -1.6285983043794248e+00 2.4076949634605251e+02
    4.0512938477509073e+02 9.0302290395831926e+02 9.6027122824294098e-02
    -2.6357664484760259e-02 -1.6149043513183980e+00
    8.9910102561698380e+01 3.7030670832094796e+02 9.5087737053285514e+02
    3.6815047788521030e-02 5.2218175153158311e-02
    -1.5627760545562384e+00 -4.8764299480738902e+02
    4.2309031903600010e+02 1.0304010617459764e+03
    -1.5104732965890690e-02 6.8972914161794741e-02
    -1.5311495784533702e+00 -5.8472680132825428e+02
    4.1518601152219890e+02 1.0352486581547398e+03 5.1094771203859697e-02
    4.8312561416695980e-02 -1.5727376512010214e+00
    -4.7135921116736171e+02 1.3761512317121174e+02
    9.5925382020302845e+02 6.4030651208600673e-04 1.0895623996129444e-01
    -1.5437585623074770e+00 -4.9739351771779877e+02
    1.0009557098266160e+02 9.3113874204078320e+02
    -5.2387817162180370e-02 6.3449509366782536e-02
    -1.6090265055561297e+00 6.7192993457839592e+01
    8.9027188955479645e+01 8.2332905309393846e+02 2.1950426627831341e-02
    -2.8592997975697636e-02 -1.5986769246147494e+00
    1.6495942877550453e+02 7.2280013628514638e+01 7.4612790631300584e+02
    -2.7466864819889281e-01 -1.8845046061887133e-01
    -1.5625036330297617e+00 -1.6189292281189063e+02
    1.0314566183363915e+02 9.1078351563253011e+02 1.4059854166996102e-01
    1.8481546958717954e-01 -1.6143974453184302e+00
    -2.2812337188005276e+02 2.8473761368081040e+02
    9.3382043172530985e+02 -4.7279566126134392e-01
    5.5910294718052922e-01 -1.3994141742537487e+00
    -2.9977242269294590e+02 1.9388451431483892e+02
    1.0853400117021270e+03 -2.0206533797194243e-01
    1.4061195789491924e-03 -1.5941970011978848e+00
    -1.0837480567809031e+02 1.7964706767252136e+02
    5.7425570863814903e+02 3.0718974443840191e-01
    -2.7261874477730319e-01 -1.7070247571151711e+00
    2.5113795253043668e+02 2.1749628030774883e+02 1.0043487777521656e+03
    -4.4001635302089398e-01 3.0481002925783091e-01
    -1.5619151405731897e+00 1.1589805310084979e+02
    1.7827529392802080e+02 8.6715292581313633e+02 3.0477563121920678e-02
    2.9229546376279952e-01 -1.5829657121278344e+00
    1.3241814279851416e+01 2.4645917383459354e+02 6.8280486434581678e+02</data></Extrinsic_Parameters>
