<?xml version="1.0"?>
<opencv_storage>
<calibration_Time>"Mon Jul 31 13:33:57 2017"</calibration_Time>
<nrOfFrames>25</nrOfFrames>
<image_Width>640</image_Width>
<image_Height>480</image_Height>
<board_Width>9</board_Width>
<board_Height>6</board_Height>
<square_Size>50.</square_Size>
<FixAspectRatio>1.</FixAspectRatio>
<!-- flags:  +fix_aspectRatio +fix_principal_point +zero_tangent_dist -->
<flagValue>14</flagValue>
<Camera_Matrix type_id="opencv-matrix">
  <rows>3</rows>
  <cols>3</cols>
  <dt>d</dt>
  <data>
    2.9123865876024695e+02 0. 3.1950000000000000e+02 0.
    2.9123865876024695e+02 2.3950000000000000e+02 0. 0. 1.</data></Camera_Matrix>
<Distortion_Coefficients type_id="opencv-matrix">
  <rows>5</rows>
  <cols>1</cols>
  <dt>d</dt>
  <data>
    -1.5876118938190520e-02 1.3796482761945960e-02 0. 0.
    -4.2026882063273298e-03</data></Distortion_Coefficients>
<Avg_Reprojection_Error>1.2257553582455880e+00</Avg_Reprojection_Error>
<Per_View_Reprojection_Errors type_id="opencv-matrix">
  <rows>25</rows>
  <cols>1</cols>
  <dt>f</dt>
  <data>
    1.13190544e+00 1.16747725e+00 8.63989770e-01 1.03291225e+00
    9.17167902e-01 9.89792407e-01 1.18816710e+00 1.08716071e+00
    1.10885918e+00 1.02233720e+00 1.53444052e+00 1.30970490e+00
    2.06296372e+00 7.99717426e-01 9.13541198e-01 1.41823494e+00
    1.12561488e+00 6.66969121e-01 8.62419903e-01 2.09438992e+00
    1.56663847e+00 1.35042167e+00 8.62897038e-01 8.22596908e-01
    1.43614864e+00</data></Per_View_Reprojection_Errors>
<!-- a set of 6-tuples (rotation vector + translation vector) for each view -->
<Extrinsic_Parameters type_id="opencv-matrix">
  <rows>25</rows>
  <cols>6</cols>
  <dt>d</dt>
  <data>
    -1.7762242483733917e-01 -6.7168019887373209e-03
    3.8979647784314182e-02 -1.7900759600081244e+02
    -1.6627473635086616e+02 3.6610340480296168e+02
    -1.9255398694641976e-01 -4.4913851481077826e-03
    -1.0210372200585890e-01 -7.9617171248067763e+01
    -2.1711405960265679e+02 4.0005032310182332e+02
    -1.4271740125025142e-01 -2.5164083801954347e-02
    -6.0864233325028001e-02 -1.1736355970306319e+02
    -2.6112952990536502e+02 4.1127061837035887e+02
    -1.8953428958308188e-01 -2.2535371440144381e-02
    -4.4746110394269366e-02 -1.3252629089247071e+02
    -2.7201283129872877e+02 4.0990794559891384e+02
    -1.8207831840632444e-01 -3.2991397489150344e-02
    -2.1822760084002715e-02 -1.6524732478710430e+02
    -2.6304912981603871e+02 4.0548666770031843e+02
    -1.7056750146197119e-01 -3.5108418432578656e-02
    3.8376798842966874e-02 -1.6929000540692968e+02
    -2.6101259111819047e+02 3.9986432624201359e+02
    -1.8500869247217797e-01 1.1966810289618384e-02
    3.5198895184235225e-02 -3.4630106221589591e+02
    -2.8350821089213815e+02 4.0116111547014498e+02
    -1.7438241140743213e-01 5.5805266085891207e-03
    4.0202759996914840e-02 -3.3252168568425998e+02
    -2.6839056944916894e+02 3.9974394843890212e+02
    -1.7044193491118886e-01 -3.4938484431694568e-02
    2.9519621406162377e-02 -2.0203944552729965e+02
    -1.3782049769240916e+02 3.6129101257441545e+02
    -1.6118739986957104e-01 -1.9566875851019121e-02
    2.5109781434250772e-02 -1.2416338013339968e+02
    -1.0381728389764932e+02 3.6114800182275064e+02
    -2.3211835287756377e-01 -3.1788733431266869e-02
    2.4494498880925517e-02 -6.7748849359109045e+01
    -7.1912376497729966e+01 3.5714214873046734e+02
    -2.3086680188419936e-01 -1.2692977401330772e-02
    -1.2252447408592436e-02 -1.3941824337079603e+02
    -1.4416156265216844e+02 3.5402379056466560e+02
    -2.7223424436889015e-01 3.5485108040809378e-02
    -8.0013109251833928e-02 -1.6684880771802611e+02
    -2.2114906014325717e+02 3.6944598635401246e+02
    -1.6998404301169884e-01 -3.7086015120586027e-02
    1.8555636168474204e-02 -1.9139685134294666e+02
    -2.7979257610814125e+02 3.8274829589091814e+02
    -1.9231339903212222e-01 -3.1424415684911840e-02
    4.2079699859516734e-02 -1.9395214477429246e+02
    -2.5315766260786418e+02 3.7233751836409743e+02
    -1.0900145568807919e-01 -5.1146811025533138e-02
    4.3420835468818725e-02 -1.6671872192738323e+02
    -1.7397277138500050e+02 3.4768610055940167e+02
    -2.0082761885479458e-01 -8.1504753440648295e-02
    2.6483397076512271e-02 -1.6850138508946296e+02
    -1.7574481472740479e+02 3.5985220901687535e+02
    -1.8826502015459379e-01 -1.2062491657300116e-01
    3.7464715220272740e-02 -1.7042310981214007e+02
    -1.8591218736897272e+02 3.5378632928598608e+02
    -1.4819667052583618e-01 -2.4041479834071908e-01
    5.8339817913250935e-02 -7.0298164324257115e+01
    -2.3456810027300440e+02 3.5940839814981604e+02
    -1.6146931024927899e-01 1.4287269971410005e-01
    1.3762832831860703e-02 -1.8405718857012522e+02
    -2.3459501960292803e+02 4.1099216027034981e+02
    -1.2301874148079409e-01 -4.2880354790646629e-03
    2.4247532170251912e-02 -2.0642501024653873e+02
    -2.3996522494937557e+02 3.5942521566310040e+02
    -2.6844140368339853e-01 -2.5903502814884748e-02
    -1.9901373314949445e-02 -2.0922126417587188e+02
    -2.5552134530184219e+02 3.6324042030325955e+02
    -2.5139009119355578e-02 -5.5016797256807644e-02
    -3.6437924481923539e-02 -1.8495801485073773e+02
    -2.3806003725687194e+02 3.4978208181541362e+02
    -1.6608552968416140e-01 -5.5468114749315553e-02
    -2.5429213869250140e-02 -1.8427987567201561e+02
    -2.3835809836056387e+02 3.5310509428088744e+02
    -3.1575697857017287e-01 -6.1865870725109802e-02
    -2.0059578330214278e-02 -1.9386426532817904e+02
    -2.3163774874193010e+02 3.6315115467449721e+02</data></Extrinsic_Parameters>
